65.4101508916
73.2373113855
79.3741426612
83.450617284
87.1450617284
89.2798353909
90.518175583
91.8216735254
92.2246227709
91.7496570645
90.5250342936
87.5781893004
85.2040466392
83.05521262
81.6419753086
81.7609739369
81.2726337449
81.6207133059
81.8288751715
81.4286694102
80.7235939643
79.2506858711
77.2455418381
76.7263374486
75.5833333333
72.566872428
67.7685185185
59.0339506173
75.1196844993
83.3621399177
89.7884087791
94.9478737997
97.9211248285
100.651577503
101.691358025
102.262345679
103.150548697
102.812757202
100.78600823
97.6056241427
94.7431412894
91.3858024691
89.2359396433
90.0253772291
89.6896433471
89.7393689986
90.2448559671
89.5617283951
88.2777777778
87.3834019204
84.8645404664
83.1502057613
81.7949245542
78.9489026063
73.4362139918
64.6951303155
82.5500685871
90.566872428
97.2568587106
102.282921811
104.864197531
107.277091907
107.836076818
107.888888889
107.890260631
106.60048011
104.983196159
102.127572016
99.9814814815
97.0260631001
94.6409465021
95.0672153635
94.4248971193
95.2170781893
95.4897119342
94.6759259259
93.9989711934
93.3734567901
91.3422496571
89.4564471879
88.2716049383
85.3305898491
79.9159807956
71.2561728395
88.5113168724
96.6018518519
102.563786008
106.356995885
108.805898491
109.5260631
109.295610425
109.538751715
109.102880658
107.774348422
106.205075446
103.411179698
101.337105624
98.603909465
96.3635116598
97.883744856
97.5912208505
97.8329903978
98.1152263374
98.0624142661
97.8021262003
96.9701646091
95.6251714678
93.5548696845
92.6779835391
90.3086419753
84.8062414266
76.8285322359
91.4132373114
100.40569273
105.856652949
108.502743484
110.401234568
110.373799726
109.616255144
109.83127572
109.479423868
108.74691358
106.633058985
103.617969822
101.786694102
99.3806584362
97.8120713306
98.9043209877
98.8518518519
99.2331961591
99.8816872428
100.683470508
101.50994513
100.805898491
99.1289437586
97.0963648834
95.0130315501
93.5072016461
88.8875171468
81.2589163237
93.6759259259
102.345336077
107.40569273
109.199931413
110.543552812
110.799382716
109.469478738
108.992798354
108.151577503
106.87345679
105.495884774
101.74382716
99.4735939643
96.7880658436
96.1598079561
98.5277777778
99.0620713306
98.8199588477
100.998971193
102.391289438
102.890260631
102.041495199
100.700960219
99.0901920439
97.4334705075
95.9619341564
91.8463648834
84.0089163237
96.2836076818
104.436899863
107.67558299
109.173868313
110.104595336
109.976337449
108.645061728
107.234224966
105.968449931
105.124142661
102.671467764
99.5490397805
97.4379286694
93.9125514403
93.7506858711
96.3875171468
98.1944444444
98.8141289438
100.064128944
101.917009602
102.912894376
103.291838134
102.550068587
100.437585734
99.822702332
98.3888888889
95.0061728395
87.6989026063
98.6769547325
105.675925926
108.686556927
110.030178326
110.733196159
110.982510288
108.909465021
107.699245542
106.508916324
103.924554184
101.091563786
98.0751028807
95.6412894376
93.3600823045
93.738340192
95.8981481481
97.2599451303
98.865569273
100.196844993
101.855967078
103.40877915
104.77914952
104.693758573
102.894032922
102.118998628
101.586762689
99.1550068587
91.9218106996
100.165980796
106.141289438
108.804183813
110.510631001
110.875514403
111.07133059
109.375171468
107.753772291
105.772633745
102.53600823
99.7572016461
96.5041152263
93.5318930041
91.4434156379
92.2225651578
94.8707133059
96.8981481481
98.2890946502
99.9667352538
101.762002743
103.573045267
106.070301783
105.843621399
105.127572016
104.640260631
103.697530864
101.45473251
94.5336076818
101.200617284
107.230452675
109.327846365
111.094993141
111.739026063
111.151920439
109.153292181
106.931069959
104.51303155
101.659807956
98.4955418381
95.9197530864
92.8909465021
90.2609739369
90.366255144
93.1183127572
96.4314128944
99.2486282579
100.790809328
102.041152263
104.708504801
106.825445816
106.619684499
106.488683128
105.90877915
105.329903978
103.395061728
96.878600823
102.403292181
109.414609053
112.223251029
113.450274348
113.884087791
113.153292181
109.898148148
107.786694102
105.645747599
103.264060357
101.034979424
97.7825788752
95.1570644719
92.9115226337
94.4170096022
96.0994513032
98.2969821674
100.993484225
101.876200274
102.861796982
104.933813443
107.576474623
107.592249657
107.542524005
107.037037037
106.163580247
104.473251029
99.0651577503
103.670781893
110.50308642
113.392318244
114.802812071
114.531207133
114.422839506
112.105281207
109.494170096
107.793209877
106.417009602
103.865226337
100.417352538
98.4403292181
97.1385459534
97.7232510288
99.3299039781
100.604595336
101.699588477
103.284293553
104.342249657
105.803840878
107.874142661
108.854938272
108.440329218
108.476337449
107.667009602
105.705761317
100.61042524
103.942729767
110.209876543
113.626886145
115.417009602
114.066186557
114.756858711
112.896090535
110.187242798
108.903978052
107.087105624
104.5521262
101.895404664
98.6814128944
96.829218107
97.6186556927
100.5260631
103.414266118
104.102537723
105.239368999
105.979423868
107.665294925
108.83436214
109.66255144
110.106652949
109.708847737
109.014746228
107.566529492
102.244855967
103.636831276
109.852880658
113.793552812
115.488683128
113.734567901
114.254801097
112.624485597
109.984910837
109.459533608
107.950617284
105.93175583
103.568587106
99.6776406036
97.7102194787
99.438957476
102.809327846
105.138203018
106.410493827
108.041152263
108.717421125
108.981481481
110.553840878
111.605281207
111.917695473
112.109053498
110.546296296
109.364197531
103.700960219
104.788065844
110.924211248
113.665980796
115.176954733
115.130658436
116.326474623
115.594993141
113.027091907
112.020576132
109.6718107
106.3281893
105.037379973
102.364197531
99.7914951989
102.423525377
104.946844993
108.014403292
108.621742112
109.831618656
110.120713306
110.664951989
112.789437586
113.239368999
112.760631001
113.065500686
111.653978052
110.265089163
104.59430727
106.213648834
112.696159122
115.064128944
115.377914952
116.685871056
117.204046639
117.088134431
115.485939643
114.505829904
110.386145405
108.33436214
108.673868313
106.475308642
104.580246914
106.112482853
108.262345679
110.727366255
111.520233196
112.510973937
113.156378601
113.250342936
115.679355281
115.709190672
114.393347051
114.253429355
113.820987654
111.204389575
105.008916324
108.677983539
115.208847737
117.601508916
118.162894376
119.102194787
118.914266118
117.803840878
117.308984911
116.475308642
113.804869684
111.942729767
111.81824417
110.409122085
108.424211248
108.080589849
110.207475995
113.738683128
114.183470508
114.560013717
116.715706447
116.685185185
117.713648834
118.384087791
117.354595336
117.051783265
115.724622771
112.0
105.235939643
109.62962963
116.093964335
118.61659808
119.996570645
120.117283951
120.172839506
119.304869684
118.889917695
118.192729767
116.172839506
113.781550069
113.209876543
112.401234568
110.587791495
110.085048011
111.402263374
114.889917695
115.523662551
115.612139918
117.947187929
119.06138546
119.323388203
120.391289438
119.784636488
118.768861454
116.753429355
112.151234568
104.151234568
110.237997257
117.07133059
119.736625514
122.556584362
122.174897119
123.271604938
122.965706447
121.473251029
120.03600823
118.6718107
115.482853224
116.117626886
114.670781893
113.660150892
114.16563786
114.914609053
117.480452675
118.262345679
119.004801097
119.645404664
121.345336077
121.592935528
122.077503429
121.706104252
120.487311385
117.024348422
112.194101509
104.103223594
110.740397805
117.564128944
121.128600823
125.846707819
126.749314129
126.409465021
125.945130316
123.494170096
122.894375857
121.420096022
119.907750343
120.326474623
117.843964335
117.703360768
117.889231824
119.027091907
121.964677641
122.292524005
123.098079561
123.367283951
124.333333333
124.395747599
124.278463649
123.341906722
120.856652949
117.298696845
111.75
104.080589849
111.566872428
119.307613169
123.423868313
129.270919067
130.949931413
130.928326475
129.894032922
128.358367627
129.091906722
128.951989026
128.492798354
127.26611797
125.426611797
125.2760631
125.403292181
124.92558299
126.580932785
126.914951989
127.640260631
128.000342936
127.677297668
126.660493827
125.23696845
124.013374486
120.621399177
116.390260631
110.831961591
102.206104252
110.658436214
118.606995885
124.16872428
130.280864198
132.209190672
133.436556927
134.412208505
134.852194787
134.548010974
134.101508916
134.765432099
133.795610425
131.682441701
131.383744856
130.85733882
130.22702332
131.421124829
131.610768176
131.300068587
131.065500686
129.224622771
127.68861454
125.814471879
123.587105624
119.774005487
114.251028807
109.060013717
99.768861454
108.882716049
116.056927298
121.79218107
128.894032922
133.110082305
133.87345679
135.035322359
136.111111111
136.945473251
134.475308642
133.975994513
134.502057613
133.427297668
132.846364883
131.943415638
131.888888889
132.630658436
133.106310014
131.952674897
130.5781893
128.912894376
126.902263374
125.016803841
121.2760631
116.539437586
111.381687243
104.516803841
95.9732510288
105.214677641
112.335390947
118.378943759
124.275034294
129.462277092
132.161865569
133.824074074
133.855967078
134.384087791
133.895747599
133.550068587
133.267146776
132.974965706
132.447530864
131.335733882
130.234567901
130.808984911
130.448559671
129.936899863
128.424554184
127.04218107
123.965020576
120.997256516
117.654663923
111.832990398
106.906721536
99.0353223594
90.5565843621
100.193758573
106.668038409
113.987311385
118.937928669
123.724622771
126.775034294
129.413923182
130.113168724
130.255829904
130.005486968
130.111796982
130.120027435
130.073045267
129.485253772
129.464677641
128.48079561
129.271604938
128.349794239
126.943415638
124.637174211
122.722222222
118.98696845
115.372427984
111.310013717
105.992798354
101.367969822
94.5202331962
85.9495884774
92.7232510288
99.0521262003
105.922153635
112.306584362
116.995541838
120.124485597
122.491426612
124.606652949
126.132030178
126.278806584
126.933127572
126.32441701
125.660493827
125.508573388
125.603223594
124.731481481
123.695473251
121.233196159
119.638888889
116.894032922
115.004115226
110.794238683
106.707133059
101.939986283
97.8038408779
92.4290123457
84.4852537723
75.8628257888
82.5528120713
87.9046639232
93.9012345679
99.9307270233
105.388888889
109.864540466
113.251371742
116.187242798
118.724622771
120.713648834
121.110768176
121.08436214
120.280178326
119.154320988
118.093621399
116.651577503
114.613854595
112.2760631
110.08744856
105.985596708
102.515432099
97.6066529492
92.7331961591
88.7218792867
84.6937585734
78.7650891632
71.9341563786
65.695473251
71.1961591221
75.9646776406
81.212962963
86.0634430727
90.6704389575
95.3028120713
98.9519890261
102.004801097
105.193758573
107.121742112
107.937928669
108.661865569
108.024691358
106.850137174
105.312414266
102.582304527
99.3885459534
95.9886831276
92.8590534979
89.6076817558
86.8875171468
83.5843621399
80.6882716049
78.4231824417
75.0541838134
70.2403978052
63.8343621399
58.1800411523
