[ 73.05367894  74.51877112  75.22466308  74.57820554  74.10354423
  73.47994056  72.60459566  72.17636548  71.46269152  70.30661647
  68.95941524  67.59437129  66.92233279  66.56807038  66.52294751
  67.73130971  68.87613446  70.42260856  72.11985054  72.50939621
  73.34634943  73.82429124  73.72168074  75.23532723  75.53892507
  75.45461658  75.52338356  72.55495443  74.53208226  75.13014675
  75.00687771  73.76957339  73.26185222  72.27601511  71.50693805
  71.67358639  71.1757637   70.5583157   69.82255697  68.96512724
  68.46363821  67.8027554   67.66418247  68.42143303  68.97505097
  69.67782985  71.08062419  71.77484392  72.60021455  73.21308734
  72.8795008   74.11203705  74.98968234  75.25293742  75.21786175
  73.55505662  73.91420176  73.65227119  73.63132639  72.99048078
  72.09612502  71.54191964  70.41022664  70.29685731  70.56871872
  70.5331829   70.13954877  69.04720593  68.69050737  68.63010438
  67.9734755   68.45328433  68.68236804  69.13295968  70.18628625
  70.70919102  71.39999433  71.97000667  71.94809904  72.58911903
  74.37840928  75.11664754  75.2734075   74.49989099  73.05764825
  72.25917561  72.00272232  71.40069645  71.17813715  70.2130381
  69.39408837  69.67705394  69.6569665   70.34670538  69.77837581
  69.04397119  69.04928963  68.88227645  68.24311187  68.32150251
  68.68554401  68.22121603  69.37660213  69.41127761  70.34206747
  70.6523988   70.79185499  70.93479835  72.69606341  73.60767572
  73.79998254  73.99235832  71.77335596  71.41740331  71.35677589
  71.08549157  70.26736261  70.50090369  69.75542122  70.1803648
  69.87713047  69.84463265  69.76468721  69.42346453  69.03361272
  68.6953311   67.99166065  68.08236636  68.33856248  68.16378501
  68.61080917  69.21051672  69.12542206  70.23961082  69.48122364
  70.38297626  71.68615752  72.74117176  73.00617048  73.22358866
  71.02252572  71.26375218  71.06416531  70.66989481  70.30280252
  70.08266146  70.15842909  69.56469305  69.89008861  69.81777257
  69.16566004  68.66760966  68.37158662  68.11181858  67.95175387
  68.04571798  68.31276857  68.38312067  68.38721903  68.43341196
  68.80620008  69.0187197   69.1216082   69.06689785  70.19887996
  71.91598125  72.68264721  72.69129667  70.17573096  70.72276626
  70.51109006  70.07749201  69.56606412  70.23781709  70.00897855
  69.36284348  69.35246525  69.30278158  68.8493845   67.87395015
  67.2171046   67.43617289  67.74836882  67.72688867  67.66861972
  68.50722444  68.34255937  68.40862538  68.54292327  68.71318355
  68.55990164  68.63534495  69.41718808  70.63166644  71.72476325
  72.01820576  69.81176359  70.40376583  69.3932886   69.58167021
  69.17824641  69.44186689  69.55277501  69.13950143  69.20419372
  68.75329498  67.75823072  68.17074543  67.09450879  66.63474522
  66.8545125   67.22695818  67.58625278  67.7577265   67.27036081
  67.28321258  67.34011378  67.7060331   67.56968543  67.73717225
  68.53374132  70.17011235  71.23473999  71.71507163  69.82554605
  69.78974348  69.06341192  68.95516194  68.59612175  68.87053012
  68.3606579   67.43036648  67.54425531  67.86756151  66.58079371
  66.38986504  65.99876343  65.51010578  65.87181653  66.68632493
  67.59071725  66.56804252  66.68724418  66.71428554  66.4863442
  67.13323001  66.78952335  67.54014338  68.1698678   68.53102294
  69.26823824  70.45136106  69.99922506  68.89445202  68.9780103
  68.64268701  68.16801844  67.79014687  67.68635931  66.39279947
  66.42207834  66.19893153  64.40161663  64.04475679  63.82781655
  64.020215    64.4817709   64.86119024  65.71701524  66.07117464
  66.07706456  66.24522413  66.39369069  67.84992657  67.48406109
  66.89427357  67.8852511   68.89278322  68.97687752  70.23131735
  69.16566197  67.68274996  67.84997587  66.81674412  66.37267693
  66.15225527  66.41128232  65.34023365  63.99714676  64.17158784
  63.25797019  62.64134129  62.44913449  62.23296086  63.25647523
  64.52906099  64.96926786  65.15095081  65.29947973  65.90799096
  65.68854534  66.60524935  67.15904128  66.90420062  67.89653126
  69.35591634  69.27109454  69.72011364  67.63121157  66.32529619
  66.67029617  66.68985609  66.18800425  66.11688853  65.96848054
  65.20967264  64.18870688  64.39531683  63.92731543  63.99750049
  63.16465684  63.16378113  64.61666978  65.04899133  64.91884535
  65.74684072  66.38030401  66.16176718  65.51991026  66.21241541
  67.54147646  66.86689227  67.15639407  68.31928408  68.92803931
  70.06040271  67.19236516  66.23552345  66.36903224  66.41843941
  65.69714315  66.30664262  65.96271216  65.40166014  65.20495574
  64.61266857  64.24338334  65.50267039  63.96771582  63.8455058
  64.71580254  64.34811079  65.67567872  65.65953864  65.8485525
  65.7517486   65.77557587  65.89397113  66.92644333  66.41951572
  66.69610413  67.99282916  68.20233879  69.33054158  66.87599442
  65.98570398  66.00052406  64.69570173  64.06499763  64.81288802
  63.73004357  63.55531095  64.09258517  63.79481235  64.16182553
  63.64109564  63.17706784  63.44700146  64.64205583  65.2622072
  65.42132445  66.25045394  65.35188875  65.45041567  65.77685758
  65.66264153  66.80390883  67.1543741   66.76346193  68.11633907
  68.55838485  69.11172948  66.83842849  65.76492578  65.20572768
  64.98942272  64.2456577   65.24559805  63.57502261  63.38698956
  63.49087176  63.2080549   63.44041987  63.86066721  62.94420533
  63.80028539  64.57014653  65.29038429  65.6484156   66.46253155
  65.79359462  66.2229097   66.28320184  66.0134633   67.26081669
  66.93347054  67.16067096  67.43675049  68.69468865  69.93614338
  68.58797255  67.13894647  65.84753717  65.60853566  64.22455103
  65.72204636  63.46032414  64.06421039  63.82583819  63.57672314
  62.95323726  63.46454582  63.82465161  64.0884918   64.41670089
  64.36762744  64.54379915  65.09784713  65.93276247  65.71458711
  66.08035712  66.41292038  66.69497186  66.62658731  67.6599505
  68.20068063  69.80508377  70.96652877  69.88840955  67.76201955
  66.03205397  65.76795896  64.74877468  65.41011426  64.26524093
  64.01446758  64.52270478  64.21679131  63.92267876  63.41639471
  64.55373055  65.37521294  65.91728528  65.76111181  66.1015422
  65.66325335  66.10120399  66.31147488  66.07318914  66.1854129
  66.96059644  66.85076779  67.90162026  68.76529103  70.00882758
  72.25082927  72.63747195  70.52153903  68.88580578  68.62926477
  67.64821123  67.06619708  66.76362797  65.96295689  66.33951024
  66.624526    65.7254647   66.18181082  67.13841975  66.76528335
  67.20720909  67.59586787  68.43977874  67.0414347   67.19486315
  67.64017064  67.79308675  67.97033476  67.89747208  68.19866976
  69.04382769  69.62419629  70.78316622  73.22287862  74.27064388
  71.75439449  69.96882445  69.15322559  68.89457564  66.80553153
  66.99437094  66.87839556  67.06100763  68.02249619  66.79740304
  67.15675992  68.70491651  69.41626641  69.04598525  68.86045246
  68.63364674  68.34209596  68.62938961  68.23458022  67.49129712
  67.35297918  67.68584254  68.21157257  69.68010023  70.43623933
  72.43646793  74.03104753  75.66765124  72.98428201  70.81458424
  69.82466891  69.32629888  68.70892238  68.79055412  68.51318523
  68.31847542  69.19958407  69.44925461  68.96529812  69.78910521
  70.32782926  70.08005715  70.16837202  68.92900406  68.54985139
  68.2199751   68.72779262  67.95899171  68.52208526  68.5971468
  69.04798961  70.35142552  71.75006353  73.80805183  75.49996153
  77.42724794  74.68661337  72.43594232  70.64802916  70.89158024
  69.20388463  69.32735377  69.82888282  68.51927269  68.52863609
  68.47639057  69.47674185  69.29658158  70.76819026  69.95210915
  69.6534407   69.55668436  68.92056447  69.13850047  68.30964911
  68.65829921  69.72312451  69.72808065  70.09673034  71.91588409
  73.25719458  74.24605882  76.99246202  78.04955999  75.46351424
  72.99921309  70.88698518  70.53145888  70.08807721  69.21772999
  69.33124922  69.28278041  68.87612375  68.70162609  69.56604214
  69.31299644  70.08492201  69.84240209  69.52997624  69.21733941
  68.64229366  69.39248535  69.45653349  68.75605441  69.77226639
  70.66173266  71.9151899   72.66277331  74.36952709  75.81321919
  78.84367121  78.63526412  76.366384    73.71437681  72.04556328
  71.0218471   70.15283703  70.31258193  69.27446852  68.58195844
  69.43991892  69.50430585  69.55345762  69.37006779  69.27265461
  69.21657346  69.4034101   69.17575482  69.38535027  69.79236664
  70.12582551  70.61457111  71.21264247  72.12830593  72.85366124
  73.96974705  75.0942028   76.71082593  78.85554397  79.2096193
  76.79239107  75.0959566   72.85161042  71.35987269  70.58211709
  69.09060161  68.75482651  68.44721972  67.89915843  67.43998422
  67.74479792  68.03282103  68.42878251  69.21282439  69.58240015
  69.51230907  69.39375751  69.87216033  70.32854118  71.31978885
  71.51637134  73.08438378  73.59516307  75.03764411  76.0677416
  77.80587535  79.5615895   80.80232006  77.298729    75.0986195
  74.50906944  72.67203673  70.92468431  70.35024906  68.82789677
  67.4117651   67.02161658  67.75888614  67.18474619  66.90397948
  67.40997239  66.92040028  67.36368119  68.34815379  69.21017574
  69.28599124  69.6231925   71.12195857  72.21252904  73.5591257
  75.7809586   77.55600845  78.52420526  80.4005145   81.2452839
  80.60760273  78.53540628  76.08284446  74.12176223  72.13927559
  71.2327803   70.14416564  68.71905047  67.2826587   66.52882955
  66.3913243   65.84259481  65.83576828  66.13291679  66.21692416
  66.75024275  67.28323825  68.43702217  70.06111566  71.38880063
  72.98342435  74.57717701  75.94282082  77.63064235  77.48232197
  77.24986694  78.40298621  78.56881934  80.13887737  78.99092579
  77.08855016  75.57008304  73.47306879  72.20465953  71.16475779
  71.05112189  69.76429519  69.04957339  67.59955119  67.5123401
  67.61952303  68.06325367  69.21510139  70.02800734  71.07000934
  71.41494401  71.82662477  72.36536004  73.8499719   74.18794449
  75.33245572  76.51423262  76.95798456  76.75997204  77.12266733
  76.87075087  78.52285059  77.60023688  76.7107378   75.93446488
  74.68242846  73.28142012  72.82921865  72.00999191  71.17912336
  71.31528314  71.74146199  71.65109076  71.41439046  71.2976852
  71.32881988  71.72049191  71.89409024  72.17579378  73.2094049
  74.0956061   75.45865042  75.644896    76.73387115  77.59116898
  77.56957017  76.90967142  75.93726428  74.91918481]