[  69.68851852   78.04185185   81.70666667   83.9962963    86.65703704
   87.20555556   87.87555556   88.35925926   88.21592593   88.49888889
   87.88         86.34925926   85.7          84.13074074   82.49555556
   80.94925926   80.71037037   81.27888889   81.08962963   81.19925926
   80.75777778   79.60148148   78.89814815   76.69074074   75.01444444
   71.23259259   66.07         58.79703704   77.99111111   86.3737037
   91.14962963   93.9137037    96.36111111   96.9262963    97.69074074
   97.41666667   97.12518519   97.00814815   96.54888889   95.45185185
   93.89111111   92.72518519   90.7237037    88.97037037   89.1537037
   89.87851852   89.67592593   89.57222222   88.9362963    87.98740741
   87.65333333   85.11740741   82.51296296   78.91296296   73.19074074
   65.80259259   84.5237037    93.23851852   98.39037037  101.6262963
  103.83925926  104.22        104.45185185  103.07148148  102.17148148
  102.2137037   101.87814815   99.55111111   97.17         95.53703704
   93.68518519   92.98851852   93.85666667   95.30962963   95.09259259
   95.05703704   95.04851852   93.96407407   93.47518519   91.7462963
   89.42703704   86.26333333   79.99703704   72.31777778   90.00555556
   98.67222222  103.21074074  106.24925926  107.57814815  107.99777778
  107.80851852  106.8137037   105.44444444  104.51962963  103.37851852
  101.31777778   98.74518519   97.3762963    96.3762963    95.69296296
   96.42888889   98.21851852   98.50666667   98.23296296   98.01148148
   98.00185185   97.90111111   96.40296296   93.90592593   90.90185185
   85.05851852   76.77296296   92.90703704  101.41481481  105.61962963
  107.86148148  108.45        109.21037037  108.71296296  107.69148148
  106.56888889  104.83074074  103.06666667  101.67333333   99.57333333
   97.49185185   96.12074074   96.3762963    98.13555556   99.36703704
  100.35222222  100.66962963  101.08222222  101.41703704  101.90740741
  100.55888889   97.39481481   94.51148148   89.44925926   81.16703704
   94.93185185  102.82111111  106.5662963   107.74888889  107.70518519
  108.1737037   107.04888889  105.89444444  105.11037037  104.12444444
  102.52259259  100.38148148   98.95666667   96.47296296   94.7037037
   95.54518519   97.77962963   99.85296296  101.02555556  102.29518519
  102.37407407  102.53518519  103.56703704  102.9237037   101.28592593
   98.45185185   93.84407407   85.38222222   96.99555556  103.49888889
  106.23518519  107.25185185  106.73703704  106.74444444  105.91777778
  105.13814815  103.98333333  103.2262963   101.7862963    98.80259259
   96.73925926   95.04111111   93.70333333   94.28592593   97.01259259
  100.07962963  102.18222222  104.6837037   104.4362963   104.46592593
  105.35148148  105.07518519  104.04703704  101.48259259   97.34962963
   89.72814815   98.05777778  104.35481481  106.19814815  106.30111111
  106.32925926  106.46962963  105.75111111  105.30851852  103.90407407
  103.31814815  102.40148148  100.48703704   98.73222222   96.11851852
   95.00666667   96.15444444   98.55555556  101.23814815  103.37185185
  105.39925926  106.83740741  106.26666667  107.55888889  107.58259259
  106.77074074  104.08851852  100.01185185   92.57962963   98.70148148
  104.76037037  106.08407407  106.6737037   106.89407407  106.05407407
  105.51851852  104.62185185  104.08666667  104.32074074  102.92555556
  100.79444444   99.01037037   96.75666667   95.91296296   97.06148148
   99.59703704  101.79555556  103.35333333  105.45        107.41037037
  107.66296296  108.44592593  108.79259259  107.68185185  105.19407407
  101.56740741   94.41666667   98.9937037   104.72296296  106.38074074
  106.92592593  106.69592593  105.32888889  104.85222222  104.43185185
  103.41925926  102.75        101.2362963    98.38259259   96.74888889
   94.97703704   94.80296296   96.66407407   99.29592593  101.92481481
  104.18666667  106.50592593  108.84259259  109.93074074  109.89185185
  109.69962963  108.88111111  107.17111111  104.16703704   96.84814815
   99.46740741  105.67666667  108.0837037   108.49        107.69
  107.75148148  107.69037037  107.42037037  105.60777778  103.05148148
  101.10444444   99.19444444   97.73592593   95.63333333   96.09074074
   97.77        100.0862963   101.60259259  103.6062963   106.46
  109.29518519  111.78        111.13333333  110.69851852  109.75518519
  108.69962963  106.35407407   99.24074074  101.3037037   107.47111111
  109.32074074  109.23518519  108.8562963   109.35        108.92925926
  108.81296296  107.5562963   105.80925926  104.66296296  102.78777778
  101.00185185   99.20481481   98.54111111   99.23185185  100.61037037
  101.93592593  104.86777778  107.36148148  109.57555556  113.00222222
  112.63407407  111.28888889  111.13814815  110.1437037   107.51888889
  100.92666667  101.4837037   106.70148148  107.99962963  107.47851852
  107.12185185  108.56444444  108.14592593  107.63333333  107.49111111
  107.28777778  106.06666667  103.27555556  101.33296296   99.06148148
   97.47333333   99.17222222  101.23962963  102.58296296  105.8062963
  108.99814815  110.71962963  113.31037037  113.33925926  111.79518519
  111.52518519  111.63259259  109.00074074  102.45962963  101.21
  106.03814815  108.4662963   108.8962963   108.74592593  109.72518519
  109.17111111  108.32407407  107.57703704  106.91        105.42111111
  103.36407407  100.93222222   98.28962963   97.40925926   98.8862963
  102.41148148  104.63666667  106.38296296  108.4937037   110.44407407
  112.08740741  113.04333333  112.76888889  112.57592593  111.30962963
  109.08481481  103.28296296  101.45037037  106.43259259  108.77481481
  110.83740741  111.04851852  110.97074074  110.72555556  108.51296296
  107.98814815  107.36518519  105.62666667  103.72518519  102.30481481
  101.03407407  101.05333333  102.29407407  104.73888889  108.10407407
  109.55259259  110.63407407  112.22444444  113.97962963  114.85851852
  114.94740741  114.08407407  111.03481481  108.46222222  103.78703704
  100.91777778  105.96185185  108.46925926  110.14888889  110.12259259
  110.32148148  110.90814815  109.95        109.86777778  110.47666667
  108.62222222  106.2462963   104.76888889  103.36814815  103.53074074
  105.27148148  106.09444444  108.97592593  110.78518519  112.22481481
  113.71666667  115.27962963  116.9737037   115.71407407  114.74851852
  112.28555556  108.55296296  103.0537037   101.17740741  106.63925926
  109.07333333  110.53555556  111.71555556  112.07333333  112.87
  112.70518519  112.66444444  112.71185185  112.04407407  111.14037037
  109.16888889  106.01481481  106.00592593  107.97888889  108.65740741
  110.7762963   112.56111111  113.95481481  115.46888889  115.36814815
  118.42407407  116.53740741  115.40740741  112.67222222  108.26296296
  101.95851852  102.72703704  108.66259259  111.21888889  113.66222222
  113.27481481  112.90444444  114.21962963  114.16222222  114.33444444
  112.61259259  112.54592593  111.53555556  110.52148148  108.6762963
  108.27037037  110.10592593  110.42185185  112.02148148  115.12888889
  116.33        117.42148148  116.78444444  117.99444444  116.39185185
  115.57962963  111.60444444  107.17777778  100.48703704  102.48592593
  109.1762963   112.22814815  115.46814815  115.63407407  114.5837037
  116.70740741  116.81333333  115.96740741  114.59777778  114.50481481
  112.81777778  111.56518519  110.24222222  109.69666667  112.42111111
  112.65777778  113.66        116.63333333  117.94444444  119.62407407
  118.75851852  119.41925926  117.32        114.92111111  111.35703704
  105.91962963   99.15148148  102.53740741  109.29259259  113.4562963
  118.41481481  118.80148148  117.82703704  119.95333333  121.03444444
  119.68592593  117.95814815  116.97851852  115.10444444  114.66777778
  113.78740741  112.13592593  114.73037037  116.37444444  116.79185185
  118.71555556  121.08259259  121.93925926  120.56333333  120.95962963
  118.53111111  114.68555556  110.05740741  104.73888889   98.01777778
  102.92148148  109.95888889  115.09851852  119.9137037   121.74703704
  123.28148148  124.55962963  125.05444444  126.25222222  125.71296296
  124.44740741  122.72148148  121.44703704  120.57481481  119.34148148
  119.82037037  120.59666667  121.34592593  123.05851852  124.26
  124.51259259  122.85111111  122.76518519  118.71037037  113.97444444
  109.12        103.52518519   96.29777778  102.88851852  110.40333333
  116.57333333  121.49518519  124.55074074  127.40666667  128.65185185
  129.51296296  130.95481481  130.60740741  130.32888889  129.88962963
  128.39592593  126.16111111  125.15111111  124.57222222  126.29296296
  126.6837037   126.47555556  127.11962963  126.23259259  124.33962963
  123.18        118.28851852  113.22925926  107.92740741  102.64037037
   94.71814815  102.49925926  108.83962963  115.93666667  121.87
  125.85851852  127.68259259  130.02333333  131.40740741  131.90481481
  132.06481481  131.35148148  130.20851852  128.9562963   127.95740741
  127.47111111  127.27592593  128.86814815  128.68555556  128.03222222
  127.21666667  125.52925926  124.04555556  122.00259259  117.11296296
  111.40518519  106.87518519  102.00074074   92.85185185  100.09962963
  106.22111111  112.57        117.58185185  122.61037037  125.70888889
  128.00666667  127.96555556  129.38666667  130.54222222  129.52148148
  127.71592593  127.08666667  126.68962963  126.43814815  126.37592593
  127.14740741  126.91259259  126.28333333  124.97962963  123.23148148
  121.52740741  118.29666667  113.3662963   108.90962963  104.88037037
   98.64         88.76962963   94.85037037  101.75        109.05666667
  114.2437037   118.25777778  122.42592593  125.22185185  126.47481481
  127.88148148  127.38037037  125.42777778  124.65592593  124.67962963
  124.21740741  124.09518519  123.53148148  123.57296296  122.77703704
  122.16111111  120.05666667  118.55481481  116.30740741  111.96
  108.05407407  104.08703704   99.35074074   92.21333333   82.99740741
   87.51481481   93.19814815  101.32925926  107.71925926  112.33740741
  116.18777778  119.62074074  121.59740741  123.22703704  123.31555556
  122.69962963  122.26925926  121.81851852  120.66111111  119.56148148
  118.75666667  117.77296296  116.0837037   114.70148148  112.47074074
  111.45        107.62148148  103.17703704  100.44888889   97.04851852
   92.29555556   85.55037037   77.37777778   78.53962963   84.04925926
   91.01333333   98.12518519  103.50814815  108.18740741  112.28407407
  115.12        117.96037037  119.14222222  119.14481481  118.79703704
  118.2362963   117.06222222  115.85555556  114.40962963  112.98592593
  110.64111111  108.28888889  105.27851852  102.81777778   99.32592593
   95.47407407   92.11444444   87.63888889   82.43777778   75.56333333
   68.21444444   67.48518519   72.70814815   78.19185185   84.07888889
   89.71481481   95.58777778  100.22518519  104.05296296  107.68407407
  109.41222222  109.80666667  109.28777778  109.05481481  109.07481481
  107.43259259  104.61333333  101.95666667   98.97111111   96.67703704
   93.40296296   90.05259259   87.07777778   83.53185185   80.1162963
   76.19592593   71.48         65.40703704   58.70814815]