[ 73.74319063  74.8946081   74.76307189  73.49031673  72.54660422
  71.49853383  70.550471    69.33487583  67.46617017  66.97882196
  66.68256788  66.27141624  65.72217338  65.30045332  65.62084399
  66.80961355  67.69244038  69.22423306  70.11776419  71.17758906
  72.23408856  73.13608117  74.17271384  74.5232968   75.02184481
  74.92732264  74.59890221  72.30084467  74.37065776  75.11445078
  73.95897148  72.32076924  71.81359852  69.97596501  69.6773909
  68.51091357  67.54337889  67.19465317  67.93910821  67.36950827
  66.94656793  67.24814217  67.36378817  67.68725913  68.04843921
  69.01053638  69.62435567  70.67357125  71.59600921  72.68030854
  73.8077571   74.14114113  74.94612027  75.15682997  75.30746057
  74.20224061  73.64954925  73.68288005  72.17091481  70.67153006
  70.04268603  69.1167057   68.50069137  67.72425903  67.66103316
  67.60146748  68.19248604  68.09429178  67.06909917  67.17631113
  67.35047749  67.80172795  68.34173263  69.07771563  68.92829031
  69.33511006  70.05690979  70.88947975  72.06703499  73.17093942
  74.09096668  74.66852619  75.41409136  74.8339578   72.55788728
  72.31007541  71.18584204  69.94420329  69.02091071  67.72104544
  67.9023591   67.59215737  67.75477752  67.13362562  67.84791586
  66.92995605  66.78870133  67.03492092  66.96007014  66.58399448
  66.95198209  67.93592044  67.77903882  68.11223436  69.26449746
  69.61815161  70.61420117  71.6483118   72.74249893  73.84380159
  74.7635848   74.25327983  71.49737023  71.21302785  69.62678912
  68.3800496   67.82455103  67.42568614  67.64132132  67.66832511
  67.66092528  67.92920511  68.52381041  67.51184225  67.50284076
  67.68993256  67.49594402  67.48609098  67.8533833   68.06857998
  68.10312452  68.09315871  68.77237211  69.13357017  69.94336559
  70.57386894  71.3060569   72.18991579  73.08967614  73.34058971
  69.96809712  69.12067975  67.91645503  67.5994295   66.96886321
  67.71868699  67.41878941  67.17883517  67.25629011  67.82928513
  67.69198109  66.26308138  66.19016356  65.93119035  65.90850831
  65.73416578  65.98969022  66.66060702  66.91628611  67.71665296
  67.83716938  67.67221558  69.31168163  70.12858107  70.32357295
  71.43023724  72.01171035  72.0725189   68.5676361   68.12784006
  67.58646494  67.31947806  66.85902055  66.94065273  67.16570373
  66.55992419  66.3982046   66.86827497  66.95795722  66.13603764
  66.08712666  66.21949594  65.97883322  65.11486508  65.69177064
  66.74878798  66.74991565  67.27643879  67.66057456  67.08433019
  68.38405555  69.33857282  69.26309216  70.52695881  71.06671344
  71.47263258  66.71949847  66.62152385  67.10832313  66.69257884
  66.72471997  66.32128453  65.94702348  65.52824668  65.40391356
  65.94757657  66.0669548   64.7094891   64.71263943  64.72380086
  65.00275174  65.1120817   64.87616314  65.93210838  65.72474212
  65.88988457  66.58179493  66.77069661  67.0534934   67.5029014
  68.29142099  68.94203105  70.11409649  70.69550743  66.526835
  65.98930879  66.36381744  66.18134887  66.2803577   66.06098783
  65.32274879  65.37212825  65.06738877  65.68361947  65.69753374
  64.81388431  64.66790866  64.1859715   64.4419019   64.8042631
  64.89932824  66.21741168  65.69592952  65.87687238  66.10581111
  66.80840293  66.85544136  67.48950495  67.16645909  68.27562416
  68.53738837  69.6500997   66.42672067  65.27617334  65.48142117
  65.02803152  65.11526917  65.11857545  64.58147893  63.7885525
  63.20608093  63.7433112   64.26975339  62.97243895  62.86770279
  62.48235477  62.60846936  63.86157575  64.185589    64.98500037
  64.61948428  64.73136198  65.32604864  65.84378271  66.61303515
  66.49373515  66.13127471  66.78743768  66.77320284  67.85756799
  65.96316068  65.01336823  64.71682786  64.19274428  63.86756416
  64.0190488   63.55609698  62.49721736  62.27214358  62.36044522
  61.84100446  61.24118354  61.00471966  61.17764963  62.02769026
  62.61351224  62.90452758  63.55375264  63.91455666  64.08615347
  65.33943208  65.56588804  65.15042992  65.1084184   65.78434233
  65.92294436  65.75496462  66.91686805  64.60978301  63.69535348
  63.81990935  63.47621794  62.78838134  63.17123774  62.00969903
  60.93227736  61.33603993  61.35074864  61.66777565  60.14338853
  60.13344109  60.89967992  61.52446197  62.06027196  62.11532318
  62.58134237  62.18708273  61.91413168  62.97570839  64.08913349
  64.11707597  63.92926261  64.91468324  65.88015562  65.15321554
  66.65610883  65.16747735  64.06318465  63.80667851  63.61147041
  63.4009315   63.69724625  63.27561845  62.76676698  63.87832991
  62.52976002  63.0865132   60.82631919  60.92484036  61.83618081
  61.84919258  61.78384338  61.9754789   62.87878526  62.20878136
  62.12843624  61.82528777  63.29655046  63.52754794  63.22118649
  64.22003059  65.36307014  64.951834    66.15105217  64.60708002
  63.23045759  63.5382356   63.28211661  62.14359627  62.77084747
  61.90029302  61.81143199  61.81989065  62.29404326  61.49872084
  60.3204686   59.98908109  59.87066774  60.81882253  60.0990913
  60.73019825  61.13908421  60.35447762  61.49659699  62.37571511
  62.81728758  62.83927154  62.89935461  64.09765534  65.25451354
  65.71661264  65.41182308  65.24842087  62.91703747  63.37981069
  62.69171964  62.52642891  62.29840581  61.68640416  61.25133573
  62.70559553  61.76443279  61.39552306  60.86478666  59.48908439
  59.61662975  60.57587932  60.25521187  61.35172103  61.56749911
  61.23436318  60.62965435  62.40267678  62.95972222  62.71456785
  63.65979757  65.09759032  65.9988348   66.91836693  66.58095753
  65.34273103  63.13684453  62.9958448   61.66874515  61.79723241
  60.85950717  61.19532547  61.42065719  61.39063084  60.86846635
  61.10822417  61.1027526   60.96304827  61.28644966  62.77494915
  62.53386639  63.2202819   63.41986321  62.57521521  61.64134777
  62.8096485   63.37530153  63.22898167  64.1575932   65.9220478
  66.2796903   67.23147253  67.51481377  66.88750651  64.78628867
  64.25679811  62.16653139  62.70719596  62.07572281  62.01659685
  61.19672385  62.23575246  61.83267691  61.54815566  60.97525242
  61.77810048  61.55388909  62.68377398  63.40282678  62.88778396
  63.01727242  62.7030418   61.82471185  63.38481646  62.61135875
  64.36845741  64.16884332  65.4548865   66.22766267  67.02667599
  68.27168318  69.63927113  67.43344489  66.17620596  64.66805825
  63.81246856  63.11801805  62.36356593  61.77211689  61.97128665
  62.15932567  62.80817152  61.92308128  62.4403471   63.88515472
  64.04065442  64.8207263   64.1087459   64.78806118  64.27152802
  63.71592908  64.1008995   63.20715075  64.28237163  64.87988166
  66.4677752   67.7423374   68.4834629   69.83554371  71.84872603
  69.58132488  67.38902939  65.81130225  64.04267231  63.67737572
  63.48628563  63.45339474  63.19893673  63.13700326  63.63663322
  63.55921808  63.70222255  64.71095158  64.96482401  65.15616624
  64.59559034  65.46493514  65.04026388  63.17011033  64.36715126
  64.45657899  65.62859415  66.11500508  67.68508834  68.84697959
  69.47340967  71.2050119   73.43632975  70.56437789  68.61910932
  67.4929939   66.25260189  64.89374285  64.84273317  65.2702127
  64.8448909   65.39125627  66.44660556  65.71185852  66.30328464
  66.9952181   66.65457978  67.06249631  66.40072634  66.34109117
  65.7984114   65.37805324  64.7442491   64.74922614  66.43318169
  67.12009245  67.92271762  68.93195814  70.26592588  71.99388129
  74.84898217  72.44162001  70.61717815  68.63498971  67.47750304
  66.90468642  66.98648122  67.32170141  66.17996574  66.13932138
  66.70692543  66.5287756   66.60925146  66.8979485   66.92239606
  67.02749541  66.89970318  66.10535616  65.76131012  65.37633358
  64.77424206  65.31444213  66.83840969  67.79508752  68.81553237
  69.58330238  71.30784406  73.45091227  76.27375026  74.163902    71.4802342
  69.56017629  67.88833437  66.42867933  66.2939323   66.91942791
  66.35209251  66.33498002  65.87920468  67.17836157  66.6757487
  67.69387772  67.34253058  67.70454582  67.17536273  66.95527496
  66.5239845   66.12102921  66.28220791  66.7427942   68.15856926
  68.68838449  69.27149777  71.07607237  72.28845459  74.21742461
  77.4583544   75.09399433  73.0159652   71.37036777  69.44252607
  67.5161736   66.3318803   65.79821525  65.99505183  66.70250608
  66.99908082  67.75991278  67.81680345  68.88594466  69.25191466
  68.186817    67.99845058  67.81431084  67.660044    67.68592022
  68.29222798  68.50933269  69.10355349  70.1876494   70.95598721
  72.35443864  73.72068909  75.41528664  78.18320413  75.69974558
  73.65427188  71.29039962  69.98082835  68.2432555   67.02372128
  66.17489676  66.39522049  66.23483526  66.33822917  66.5207434
  66.76857134  66.81928616  66.72285041  66.9369782   67.6011268
  67.89688089  68.63737846  69.07911696  69.45764583  70.30591085
  70.97076438  71.91439029  72.93960452  74.21793324  75.21380902
  76.47835983  77.51912918  75.89125322  74.3631239   72.54065946
  70.5774767   68.91982509  68.54388729  66.78192062  65.78097798
  65.21513219  66.01868119  66.75627687  66.7810959   67.26360356
  66.46843455  67.09741488  67.58894449  68.56438384  68.96994224
  69.74656325  69.96929191  70.61698687  71.93467119  73.2521523
  73.74104979  74.86648572  75.30042329  76.0347654   76.33909344
  74.93588121  72.97517662  71.99999794  70.29476463  69.3638389
  68.19639297  66.37050712  65.86734094  65.68167665  65.43520233
  65.4651936   65.21745697  65.56253141  66.28729501  66.44631676
  66.61838203  67.71152613  68.7810735   69.25006402  70.08829418
  70.62318671  72.43945461  73.38930679  74.33873086  75.29238353
  76.18948151  76.77484317  75.74387828  75.6061149   74.25144348
  73.12245865  71.12450956  69.95310379  68.79426418  68.37526388
  67.67953561  66.83606087  66.57407564  66.90295564  67.01095334
  67.54928392  67.90877777  68.48353938  69.44248744  69.67454298
  69.81816772  71.08072238  71.64944069  73.04140172  74.40572754
  74.82579679  75.14778752  75.68513858  75.41681748  75.00085144
  75.33050242  75.57305031  74.96688311  74.04922836  72.55225552
  71.58419078  70.14385506  69.29267886  69.01143629  69.07882292
  69.54175159  69.60256859  69.53158591  70.28695914  70.1621897
  69.69759101  70.26019349  70.66179686  71.55379322  72.30779779
  72.98284053  73.60661621  74.3742943   74.57481822  74.29319633
  73.69364493  72.8526358   71.63486638]