[  69.68851852   78.04185185   81.70666667   83.9962963    86.65703704
   87.20555556   87.87555556   88.35925926   88.21592593   88.49888889
   87.88         86.34925926   85.7          84.13074074   82.49555556
   80.94925926   80.71037037   81.27888889   81.08962963   81.19925926
   80.75777778   79.60148148   78.89814815   76.69074074   75.01444444
   71.23259259   66.07         58.79703704   77.99111111   86.3737037
   91.14962963   93.9137037    96.36111111   96.9262963    97.69074074
   97.41666667   97.12518519   97.00814815   96.54888889   95.45185185
   93.89111111   92.72518519   90.7237037    88.97037037   89.1537037
   89.87851852   89.67592593   89.57222222   88.9362963    87.98740741
   87.65333333   85.11740741   82.51296296   78.91296296   73.19074074
   65.80259259   84.5237037    93.23851852   98.39037037  101.6262963
  103.83925926  104.22        104.45185185  103.07148148  102.17148148
  102.2137037   101.87814815   99.55111111   97.17         95.53703704
   93.68518519   92.98851852   93.85666667   95.30962963   95.09259259
   95.05703704   95.04851852   93.96407407   93.47518519   91.7462963
   89.42703704   86.26333333   79.99703704   72.31777778   90.00555556
   98.67222222  103.21074074  106.24925926  107.57814815  107.99777778
  107.80851852  106.8137037   105.44444444  104.51962963  103.37851852
  101.31777778   98.74518519   97.3762963    96.3762963    95.69296296
   96.42888889   98.21851852   98.50666667   98.23296296   98.01148148
   98.00185185   97.90111111   96.40296296   93.90592593   90.90185185
   85.05851852   76.77296296   92.90703704  101.41481481  105.61962963
  107.86148148  108.45        109.21037037  108.71296296  107.69148148
  106.56888889  104.83074074  103.06666667  101.67333333   99.57333333
   97.49185185   96.12074074   96.3762963    98.13555556   99.36703704
  100.35222222  100.66962963  101.08222222  101.41703704  101.90740741
  100.55888889   97.39481481   94.51148148   89.44925926   81.16703704
   94.93185185  102.82111111  106.5662963   107.74888889  107.70518519
  108.1737037   107.04888889  105.89444444  105.11037037  104.12444444
  102.52259259  100.38148148   98.95666667   96.47296296   94.7037037
   95.54518519   97.77962963   99.85296296  101.02555556  102.29518519
  102.37407407  102.53518519  103.56703704  102.9237037   101.28592593
   98.45185185   93.84407407   85.38222222   96.99555556  103.49888889
  106.23518519  107.25185185  106.73703704  106.74444444  105.91777778
  105.13814815  103.98333333  103.2262963   101.7862963    98.80259259
   96.73925926   95.04111111   93.70333333   94.28592593   97.01259259
  100.07962963  102.18222222  104.6837037   104.4362963   104.46592593
  105.35148148  105.07518519  104.04703704  101.48259259   97.34962963
   89.72814815   98.05777778  104.35481481  106.19814815  106.30111111
  106.32925926  106.46962963  105.75111111  105.30851852  103.90407407
  103.31814815  102.40148148  100.48703704   98.73222222   96.11851852
   95.00666667   96.15444444   98.55555556  101.23814815  103.37185185
  105.39925926  106.83740741  106.26666667  107.55888889  107.58259259
  106.77074074  104.08851852  100.01185185   92.57962963   98.70148148
  104.76037037  106.08407407  106.6737037   106.89407407  106.05407407
  105.51851852  104.62185185  104.08666667  104.32074074  102.92555556
  100.79444444   99.01037037   96.75666667   95.91296296   97.06148148
   99.59703704  101.79555556  103.35333333  105.45        107.41037037
  107.66296296  108.44592593  108.79259259  107.68185185  105.19407407
  101.56740741   94.41666667   98.9937037   104.72296296  106.38074074
  106.92592593  106.69592593  105.32888889  104.85222222  104.43185185
  103.41925926  102.75        101.2362963    98.38259259   96.74888889
   94.97703704   94.80296296   96.66407407   99.29592593  101.92481481
  104.18666667  106.50592593  108.84259259  109.93074074  109.89185185
  109.69962963  108.88111111  107.17111111  104.16703704   96.84814815
   99.46740741  105.67666667  108.0837037   108.49        107.69
  107.75148148  107.69037037  107.42037037  105.60777778  103.05148148
  101.10444444   99.19444444   97.73592593   95.63333333   96.09074074
   97.77        100.0862963   101.60259259  103.6062963   106.46
  109.29518519  111.78        111.13333333  110.69851852  109.75518519
  108.69962963  106.35407407   99.24074074  101.3037037   107.47111111
  109.32074074  109.23518519  108.8562963   109.35        108.92925926
  108.81296296  107.5562963   105.80925926  104.66296296  102.78777778
  101.00185185   99.20481481   98.54111111   99.23185185  100.61037037
  101.93592593  104.86777778  107.36148148  109.57555556  113.00222222
  112.63407407  111.28888889  111.13814815  110.1437037   107.51888889
  100.92666667  101.4837037   106.70148148  107.99962963  107.47851852
  107.12185185  108.56444444  108.14592593  107.63333333  107.49111111
  107.28777778  106.06666667  103.27555556  101.33296296   99.06148148
   97.47333333   99.17222222  101.23962963  102.58296296  105.8062963
  108.99814815  110.71962963  113.31037037  113.33925926  111.79518519
  111.52518519  111.63259259  109.00074074  102.45962963  101.21
  106.03814815  108.4662963   108.8962963   108.74592593  109.72518519
  109.17111111  108.32407407  107.57703704  106.91        105.42111111
  103.36407407  100.93222222   98.28962963   97.40925926   98.8862963
  102.41148148  104.63666667  106.38296296  108.4937037   110.44407407
  112.08740741  113.04333333  112.76888889  112.57592593  111.30962963
  109.08481481  103.28296296  101.45037037  106.43259259  108.77481481
  110.83740741  111.04851852  110.97074074  110.72555556  108.51296296
  107.98814815  107.36518519  105.62666667  103.72518519  102.30481481
  101.03407407  101.05333333  102.29407407  104.73888889  108.10407407
  109.55259259  110.63407407  112.22444444  113.97962963  114.85851852
  114.94740741  114.08407407  111.03481481  108.46222222  103.78703704
  100.91777778  105.96185185  108.46925926  110.14888889  110.12259259
  110.32148148  110.90814815  109.95        109.86777778  110.47666667
  108.62222222  106.2462963   104.76888889  103.36814815  103.53074074
  105.27148148  106.09444444  108.97592593  110.78518519  112.22481481
  113.71666667  115.27962963  116.9737037   115.71407407  114.74851852
  112.28555556  108.55296296  103.0537037   101.17740741  106.63925926
  109.07333333  110.53555556  111.71555556  112.07333333  112.87
  112.70518519  112.66444444  112.71185185  112.04407407  111.14037037
  109.16888889  106.01481481  106.00592593  107.97888889  108.65740741
  110.7762963   112.56111111  113.95481481  115.46888889  115.36814815
  118.42407407  116.53740741  115.40740741  112.67222222  108.26296296
  101.95851852  102.72703704  108.66259259  111.21888889  113.66222222
  113.27481481  112.90444444  114.21962963  114.16222222  114.33444444
  112.61259259  112.54592593  111.53555556  110.52148148  108.6762963
  108.27037037  110.10592593  110.42185185  112.02148148  115.12888889
  116.33        117.42148148  116.78444444  117.99444444  116.39185185
  115.57962963  111.60444444  107.17777778  100.48703704  102.48592593
  109.1762963   112.22814815  115.46814815  115.63407407  114.5837037
  116.70740741  116.81333333  115.96740741  114.59777778  114.50481481
  112.81777778  111.56518519  110.24222222  109.69666667  112.42111111
  112.65777778  113.66        116.63333333  117.94444444  119.62407407
  118.75851852  119.41925926  117.32        114.92111111  111.35703704
  105.91962963   99.15148148  102.53740741  109.29259259  113.4562963
  118.41481481  118.80148148  117.82703704  119.95333333  121.03444444
  119.68592593  117.95814815  116.97851852  115.10444444  114.66777778
  113.78740741  112.13592593  114.73037037  116.37444444  116.79185185
  118.71555556  121.08259259  121.93925926  120.56333333  120.95962963
  118.53111111  114.68555556  110.05740741  104.73888889   98.01777778
  102.92148148  109.95888889  115.09851852  119.9137037   121.74703704
  123.28148148  124.55962963  125.05444444  126.25222222  125.71296296
  124.44740741  122.72148148  121.44703704  120.57481481  119.34148148
  119.82037037  120.59666667  121.34592593  123.05851852  124.26
  124.51259259  122.85111111  122.76518519  118.71037037  113.97444444
  109.12        103.52518519   96.29777778  102.88851852  110.40333333
  116.57333333  121.49518519  124.55074074  127.40666667  128.65185185
  129.51296296  130.95481481  130.60740741  130.32888889  129.88962963
  128.39592593  126.16111111  125.15111111  124.57222222  126.29296296
  126.6837037   126.47555556  127.11962963  126.23259259  124.33962963
  123.18        118.28851852  113.22925926  107.92740741  102.64037037
   94.71814815  102.49925926  108.83962963  115.93666667  121.87
  125.85851852  127.68259259  130.02333333  131.40740741  131.90481481
  132.06481481  131.35148148  130.20851852  128.9562963   127.95740741
  127.47111111  127.27592593  128.86814815  128.68555556  128.03222222
  127.21666667  125.52925926  124.04555556  122.00259259  117.11296296
  111.40518519  106.87518519  102.00074074   92.85185185  100.09962963
  106.22111111  112.57        117.58185185  122.61037037  125.70888889
  128.00666667  127.96555556  129.38666667  130.54222222  129.52148148
  127.71592593  127.08666667  126.68962963  126.43814815  126.37592593
  127.14740741  126.91259259  126.28333333  124.97962963  123.23148148
  121.52740741  118.29666667  113.3662963   108.90962963  104.88037037
   98.64         88.76962963   94.85037037  101.75        109.05666667
  114.2437037   118.25777778  122.42592593  125.22185185  126.47481481
  127.88148148  127.38037037  125.42777778  124.65592593  124.67962963
  124.21740741  124.09518519  123.53148148  123.57296296  122.77703704
  122.16111111  120.05666667  118.55481481  116.30740741  111.96
  108.05407407  104.08703704   99.35074074   92.21333333   82.99740741
   87.51481481   93.19814815  101.32925926  107.71925926  112.33740741
  116.18777778  119.62074074  121.59740741  123.22703704  123.31555556
  122.69962963  122.26925926  121.81851852  120.66111111  119.56148148
  118.75666667  117.77296296  116.0837037   114.70148148  112.47074074
  111.45        107.62148148  103.17703704  100.44888889   97.04851852
   92.29555556   85.55037037   77.37777778   78.53962963   84.04925926
   91.01333333   98.12518519  103.50814815  108.18740741  112.28407407
  115.12        117.96037037  119.14222222  119.14481481  118.79703704
  118.2362963   117.06222222  115.85555556  114.40962963  112.98592593
  110.64111111  108.28888889  105.27851852  102.81777778   99.32592593
   95.47407407   92.11444444   87.63888889   82.43777778   75.56333333
   68.21444444   67.48518519   72.70814815   78.19185185   84.07888889
   89.71481481   95.58777778  100.22518519  104.05296296  107.68407407
  109.41222222  109.80666667  109.28777778  109.05481481  109.07481481
  107.43259259  104.61333333  101.95666667   98.97111111   96.67703704
   93.40296296   90.05259259   87.07777778   83.53185185   80.1162963
   76.19592593   71.48         65.40703704   58.70814815][ 73.74319063  74.8946081   74.76307189  73.49031673  72.54660422
  71.49853383  70.550471    69.33487583  67.46617017  66.97882196
  66.68256788  66.27141624  65.72217338  65.30045332  65.62084399
  66.80961355  67.69244038  69.22423306  70.11776419  71.17758906
  72.23408856  73.13608117  74.17271384  74.5232968   75.02184481
  74.92732264  74.59890221  72.30084467  74.37065776  75.11445078
  73.95897148  72.32076924  71.81359852  69.97596501  69.6773909
  68.51091357  67.54337889  67.19465317  67.93910821  67.36950827
  66.94656793  67.24814217  67.36378817  67.68725913  68.04843921
  69.01053638  69.62435567  70.67357125  71.59600921  72.68030854
  73.8077571   74.14114113  74.94612027  75.15682997  75.30746057
  74.20224061  73.64954925  73.68288005  72.17091481  70.67153006
  70.04268603  69.1167057   68.50069137  67.72425903  67.66103316
  67.60146748  68.19248604  68.09429178  67.06909917  67.17631113
  67.35047749  67.80172795  68.34173263  69.07771563  68.92829031
  69.33511006  70.05690979  70.88947975  72.06703499  73.17093942
  74.09096668  74.66852619  75.41409136  74.8339578   72.55788728
  72.31007541  71.18584204  69.94420329  69.02091071  67.72104544
  67.9023591   67.59215737  67.75477752  67.13362562  67.84791586
  66.92995605  66.78870133  67.03492092  66.96007014  66.58399448
  66.95198209  67.93592044  67.77903882  68.11223436  69.26449746
  69.61815161  70.61420117  71.6483118   72.74249893  73.84380159
  74.7635848   74.25327983  71.49737023  71.21302785  69.62678912
  68.3800496   67.82455103  67.42568614  67.64132132  67.66832511
  67.66092528  67.92920511  68.52381041  67.51184225  67.50284076
  67.68993256  67.49594402  67.48609098  67.8533833   68.06857998
  68.10312452  68.09315871  68.77237211  69.13357017  69.94336559
  70.57386894  71.3060569   72.18991579  73.08967614  73.34058971
  69.96809712  69.12067975  67.91645503  67.5994295   66.96886321
  67.71868699  67.41878941  67.17883517  67.25629011  67.82928513
  67.69198109  66.26308138  66.19016356  65.93119035  65.90850831
  65.73416578  65.98969022  66.66060702  66.91628611  67.71665296
  67.83716938  67.67221558  69.31168163  70.12858107  70.32357295
  71.43023724  72.01171035  72.0725189   68.5676361   68.12784006
  67.58646494  67.31947806  66.85902055  66.94065273  67.16570373
  66.55992419  66.3982046   66.86827497  66.95795722  66.13603764
  66.08712666  66.21949594  65.97883322  65.11486508  65.69177064
  66.74878798  66.74991565  67.27643879  67.66057456  67.08433019
  68.38405555  69.33857282  69.26309216  70.52695881  71.06671344
  71.47263258  66.71949847  66.62152385  67.10832313  66.69257884
  66.72471997  66.32128453  65.94702348  65.52824668  65.40391356
  65.94757657  66.0669548   64.7094891   64.71263943  64.72380086
  65.00275174  65.1120817   64.87616314  65.93210838  65.72474212
  65.88988457  66.58179493  66.77069661  67.0534934   67.5029014
  68.29142099  68.94203105  70.11409649  70.69550743  66.526835
  65.98930879  66.36381744  66.18134887  66.2803577   66.06098783
  65.32274879  65.37212825  65.06738877  65.68361947  65.69753374
  64.81388431  64.66790866  64.1859715   64.4419019   64.8042631
  64.89932824  66.21741168  65.69592952  65.87687238  66.10581111
  66.80840293  66.85544136  67.48950495  67.16645909  68.27562416
  68.53738837  69.6500997   66.42672067  65.27617334  65.48142117
  65.02803152  65.11526917  65.11857545  64.58147893  63.7885525
  63.20608093  63.7433112   64.26975339  62.97243895  62.86770279
  62.48235477  62.60846936  63.86157575  64.185589    64.98500037
  64.61948428  64.73136198  65.32604864  65.84378271  66.61303515
  66.49373515  66.13127471  66.78743768  66.77320284  67.85756799
  65.96316068  65.01336823  64.71682786  64.19274428  63.86756416
  64.0190488   63.55609698  62.49721736  62.27214358  62.36044522
  61.84100446  61.24118354  61.00471966  61.17764963  62.02769026
  62.61351224  62.90452758  63.55375264  63.91455666  64.08615347
  65.33943208  65.56588804  65.15042992  65.1084184   65.78434233
  65.92294436  65.75496462  66.91686805  64.60978301  63.69535348
  63.81990935  63.47621794  62.78838134  63.17123774  62.00969903
  60.93227736  61.33603993  61.35074864  61.66777565  60.14338853
  60.13344109  60.89967992  61.52446197  62.06027196  62.11532318
  62.58134237  62.18708273  61.91413168  62.97570839  64.08913349
  64.11707597  63.92926261  64.91468324  65.88015562  65.15321554
  66.65610883  65.16747735  64.06318465  63.80667851  63.61147041
  63.4009315   63.69724625  63.27561845  62.76676698  63.87832991
  62.52976002  63.0865132   60.82631919  60.92484036  61.83618081
  61.84919258  61.78384338  61.9754789   62.87878526  62.20878136
  62.12843624  61.82528777  63.29655046  63.52754794  63.22118649
  64.22003059  65.36307014  64.951834    66.15105217  64.60708002
  63.23045759  63.5382356   63.28211661  62.14359627  62.77084747
  61.90029302  61.81143199  61.81989065  62.29404326  61.49872084
  60.3204686   59.98908109  59.87066774  60.81882253  60.0990913
  60.73019825  61.13908421  60.35447762  61.49659699  62.37571511
  62.81728758  62.83927154  62.89935461  64.09765534  65.25451354
  65.71661264  65.41182308  65.24842087  62.91703747  63.37981069
  62.69171964  62.52642891  62.29840581  61.68640416  61.25133573
  62.70559553  61.76443279  61.39552306  60.86478666  59.48908439
  59.61662975  60.57587932  60.25521187  61.35172103  61.56749911
  61.23436318  60.62965435  62.40267678  62.95972222  62.71456785
  63.65979757  65.09759032  65.9988348   66.91836693  66.58095753
  65.34273103  63.13684453  62.9958448   61.66874515  61.79723241
  60.85950717  61.19532547  61.42065719  61.39063084  60.86846635
  61.10822417  61.1027526   60.96304827  61.28644966  62.77494915
  62.53386639  63.2202819   63.41986321  62.57521521  61.64134777
  62.8096485   63.37530153  63.22898167  64.1575932   65.9220478
  66.2796903   67.23147253  67.51481377  66.88750651  64.78628867
  64.25679811  62.16653139  62.70719596  62.07572281  62.01659685
  61.19672385  62.23575246  61.83267691  61.54815566  60.97525242
  61.77810048  61.55388909  62.68377398  63.40282678  62.88778396
  63.01727242  62.7030418   61.82471185  63.38481646  62.61135875
  64.36845741  64.16884332  65.4548865   66.22766267  67.02667599
  68.27168318  69.63927113  67.43344489  66.17620596  64.66805825
  63.81246856  63.11801805  62.36356593  61.77211689  61.97128665
  62.15932567  62.80817152  61.92308128  62.4403471   63.88515472
  64.04065442  64.8207263   64.1087459   64.78806118  64.27152802
  63.71592908  64.1008995   63.20715075  64.28237163  64.87988166
  66.4677752   67.7423374   68.4834629   69.83554371  71.84872603
  69.58132488  67.38902939  65.81130225  64.04267231  63.67737572
  63.48628563  63.45339474  63.19893673  63.13700326  63.63663322
  63.55921808  63.70222255  64.71095158  64.96482401  65.15616624
  64.59559034  65.46493514  65.04026388  63.17011033  64.36715126
  64.45657899  65.62859415  66.11500508  67.68508834  68.84697959
  69.47340967  71.2050119   73.43632975  70.56437789  68.61910932
  67.4929939   66.25260189  64.89374285  64.84273317  65.2702127
  64.8448909   65.39125627  66.44660556  65.71185852  66.30328464
  66.9952181   66.65457978  67.06249631  66.40072634  66.34109117
  65.7984114   65.37805324  64.7442491   64.74922614  66.43318169
  67.12009245  67.92271762  68.93195814  70.26592588  71.99388129
  74.84898217  72.44162001  70.61717815  68.63498971  67.47750304
  66.90468642  66.98648122  67.32170141  66.17996574  66.13932138
  66.70692543  66.5287756   66.60925146  66.8979485   66.92239606
  67.02749541  66.89970318  66.10535616  65.76131012  65.37633358
  64.77424206  65.31444213  66.83840969  67.79508752  68.81553237
  69.58330238  71.30784406  73.45091227  76.27375026  74.163902    71.4802342
  69.56017629  67.88833437  66.42867933  66.2939323   66.91942791
  66.35209251  66.33498002  65.87920468  67.17836157  66.6757487
  67.69387772  67.34253058  67.70454582  67.17536273  66.95527496
  66.5239845   66.12102921  66.28220791  66.7427942   68.15856926
  68.68838449  69.27149777  71.07607237  72.28845459  74.21742461
  77.4583544   75.09399433  73.0159652   71.37036777  69.44252607
  67.5161736   66.3318803   65.79821525  65.99505183  66.70250608
  66.99908082  67.75991278  67.81680345  68.88594466  69.25191466
  68.186817    67.99845058  67.81431084  67.660044    67.68592022
  68.29222798  68.50933269  69.10355349  70.1876494   70.95598721
  72.35443864  73.72068909  75.41528664  78.18320413  75.69974558
  73.65427188  71.29039962  69.98082835  68.2432555   67.02372128
  66.17489676  66.39522049  66.23483526  66.33822917  66.5207434
  66.76857134  66.81928616  66.72285041  66.9369782   67.6011268
  67.89688089  68.63737846  69.07911696  69.45764583  70.30591085
  70.97076438  71.91439029  72.93960452  74.21793324  75.21380902
  76.47835983  77.51912918  75.89125322  74.3631239   72.54065946
  70.5774767   68.91982509  68.54388729  66.78192062  65.78097798
  65.21513219  66.01868119  66.75627687  66.7810959   67.26360356
  66.46843455  67.09741488  67.58894449  68.56438384  68.96994224
  69.74656325  69.96929191  70.61698687  71.93467119  73.2521523
  73.74104979  74.86648572  75.30042329  76.0347654   76.33909344
  74.93588121  72.97517662  71.99999794  70.29476463  69.3638389
  68.19639297  66.37050712  65.86734094  65.68167665  65.43520233
  65.4651936   65.21745697  65.56253141  66.28729501  66.44631676
  66.61838203  67.71152613  68.7810735   69.25006402  70.08829418
  70.62318671  72.43945461  73.38930679  74.33873086  75.29238353
  76.18948151  76.77484317  75.74387828  75.6061149   74.25144348
  73.12245865  71.12450956  69.95310379  68.79426418  68.37526388
  67.67953561  66.83606087  66.57407564  66.90295564  67.01095334
  67.54928392  67.90877777  68.48353938  69.44248744  69.67454298
  69.81816772  71.08072238  71.64944069  73.04140172  74.40572754
  74.82579679  75.14778752  75.68513858  75.41681748  75.00085144
  75.33050242  75.57305031  74.96688311  74.04922836  72.55225552
  71.58419078  70.14385506  69.29267886  69.01143629  69.07882292
  69.54175159  69.60256859  69.53158591  70.28695914  70.1621897
  69.69759101  70.26019349  70.66179686  71.55379322  72.30779779
  72.98284053  73.60661621  74.3742943   74.57481822  74.29319633
  73.69364493  72.8526358   71.63486638]