72.3642670695
73.923383594
74.9869551052
75.6451871328
74.7518989532
74.146161674
73.401531699
72.9818024086
71.9251873513
70.8240848717
70.8081185768
71.2151692266
71.9150677865
72.0130282806
72.2616460191
72.4334785876
72.5809524303
73.42815926
74.3667642446
75.0966553651
76.030799033
76.6451385987
76.7874929564
77.2407570763
76.8733955274
76.8813776209
75.1328694262
72.4935336558
75.3307845314
75.6955202095
76.0301144937
75.4402212518
74.5370955233
74.3507371134
73.2744191155
72.1924854997
71.7574909435
71.8547917184
71.6181089957
72.0368717015
71.8690571988
71.9942512524
72.0820971436
72.2844255899
72.9802460004
73.8649701358
74.5899961378
74.2886057066
74.9500166129
75.9534089651
76.140838994
77.188937169
77.5063912351
77.9069135483
77.0350690822
75.1116719822
76.0492196341
75.5474091391
75.4120276033
74.1031186471
73.1373649533
72.4151891804
71.3576926629
71.4161263598
71.016255415
70.5774955302
70.5188347489
71.1044350517
71.1090177492
71.5161085943
71.3873571226
71.3276896564
71.6813194162
72.5286709013
73.1722040115
73.1633446038
73.9425427591
74.4314053644
75.6995710067
75.9744726783
76.5915744174
77.256509816
77.6826624515
76.2573322461
75.0939850225
74.2125661035
73.9630835231
72.4703609925
71.6696284807
71.3066149084
70.6911086874
69.5229719789
69.6243894719
69.5284343643
68.8950445904
68.9281220943
68.7106211935
69.4830440828
69.5883747735
69.7007670495
70.3155134676
70.9495391622
71.827234472
72.2765266456
72.444465204
73.2732512779
73.7983354042
74.4763281804
75.4103757831
76.8126778589
78.1302180858
77.4417700243
74.4091783638
72.7046678525
73.0746046573
71.1315043446
71.3327255889
70.4889713235
70.0370965001
69.6309123446
69.0277231675
68.9987744544
68.7346962922
68.5560133832
68.5039548787
68.7226752612
68.6584012461
69.1192814735
69.5399715416
70.1160080351
70.5572688934
71.0285047006
71.1431260226
71.91707378
72.6367184475
73.2750754489
74.6378978324
75.8787064613
77.3774950079
77.1942892789
73.292616458
71.4695450507
71.3683478126
70.3777003869
69.4680043092
69.4509752072
68.9207234697
68.5014702397
68.193440165
67.7099684861
67.8747293835
67.6087012795
67.4670301625
67.9739056959
67.6069116716
68.4006296286
69.2005819202
70.0618930413
69.9739545156
69.8201700473
70.022265599
71.0938246093
71.747605317
72.3530644202
73.4110179938
74.3390121562
75.8811213996
76.1960311706
72.5410902345
70.9850588452
70.2211166283
69.3302060957
68.635877381
68.7472007901
67.933838081
67.8079096438
67.2396695251
66.9919685626
67.0051937649
66.5786711288
66.5792277851
67.412000339
66.9947576682
67.5017123365
67.8500173286
69.014605877
69.2529862781
68.9235027058
69.1369988108
69.9239369635
70.7565573445
70.8561015885
72.0243326593
72.9343621161
74.2266874109
74.5937782412
71.3546909748
69.9856058999
69.3132841846
68.0771331614
67.2530576971
67.5204208966
67.8007569717
67.614667741
66.6672493308
65.9970247792
66.219960182
66.2510550636
66.1982281505
66.9358799382
66.7321766479
66.8440855264
67.0961834328
67.6853357188
67.1525995276
68.1351129517
68.2318404873
68.7687923939
69.1244642808
69.9896362882
70.1608599323
71.9023658931
72.4710299919
73.4020192201
69.7832958983
69.0212778166
68.4867759
67.7445594983
67.2054036613
67.9119701717
67.8890424015
67.4849928747
65.6067155922
65.3631266224
66.0525137218
65.7256106974
66.0780626206
66.7082268378
66.1018160527
65.7701163565
66.1833763778
66.2756014142
65.830910474
66.1170216729
67.1789303313
68.2971889386
68.2290997679
69.278776608
69.4772387225
70.4069278901
71.7176237964
72.108151425
68.4692719847
68.8769892638
67.2703599938
66.7912760137
66.7672739676
66.8585842828
66.7862683758
66.3573011415
64.4337279036
64.3341055998
64.7853962317
64.5491344476
64.1380412127
64.5193438713
64.1320145656
64.3622774678
64.9114819031
64.9985303875
64.9484036505
64.7273547292
65.6098311885
67.1973942043
67.7490205619
68.2743166847
68.4979761047
69.44615628
70.4841265751
70.6634860134
68.2165427501
67.6681811854
66.3389072668
65.6455472151
65.2447972017
64.9803971252
64.0966611261
62.9675881076
62.9049012061
62.7212195628
62.514363022
62.4985773348
62.6825827997
62.8189926398
62.3975822919
62.9963242047
63.6895562207
64.3263824378
64.4664628015
63.983607301
64.7623203065
66.1713473155
67.524620154
67.8495319355
68.8623665571
69.5231596391
70.4726711171
70.4323498517
67.9688730319
66.1206122823
65.2574356845
64.5522525423
64.0588274561
64.7360112491
64.3433902966
63.0915521768
62.7008349417
62.6391569276
62.2861195348
62.8942135255
62.6790437845
63.1680260903
63.5294926137
63.5771879606
64.1443728455
63.7968149161
64.145788844
63.926888285
64.328376264
65.4795843606
66.9472228594
67.0561819472
67.60372974
69.0563159189
69.6814179876
70.6956360645
68.7541386997
66.3192592945
65.498311256
64.3700212534
64.1405146374
64.2885716533
64.1916514378
62.704553001
62.5498209488
62.4476601153
62.0492130362
62.771181248
62.5649165892
62.5695236597
62.7571503354
63.5753748934
63.8776273846
63.1298732068
63.0626782804
63.1140445098
63.5300691886
64.5198466368
66.5913780731
66.6337884601
66.8616480654
67.9499638784
69.5332649951
70.7089241219
68.5057699617
66.3653309723
65.2033854897
63.5996338464
64.2372197823
64.0842882856
63.3518492116
61.8817852997
62.4509966313
61.6845687131
62.2036886813
62.3258672619
63.0759569021
62.2649155286
62.1788628385
62.7058257069
63.0041052422
62.6129045017
63.2495985884
62.9965139791
63.9317411608
65.1050952301
66.3309647816
66.3303375171
66.3225698786
67.4820027145
68.5202013847
70.7041302898
68.0249401582
66.7231304054
65.8990245681
63.6370114318
63.6644545424
64.5164350987
62.8763375555
62.5218598859
61.4571883075
61.2950268014
61.6784733701
62.2150759931
62.689133675
62.6535075543
62.8595830293
62.3932252058
62.780384018
62.6500657615
62.8327478647
63.3418835987
63.3967800088
64.4876414091
66.3243351684
65.9792109903
66.0194094777
67.3302380729
68.1906209431
70.9409172353
69.5285454035
67.9909927605
66.645001314
64.5531506109
64.5981125447
65.5126580594
63.7750247274
63.3417749957
61.9135927228
62.5463948514
62.7861152945
61.9530909129
63.5997211703
63.8941846975
63.1769796001
63.2587225705
63.2510917013
64.0564720259
63.728428988
63.3159915742
63.759681219
65.1135485048
67.2377059621
66.4889368834
65.9989565737
67.9239761373
69.1339099754
71.0412015905
70.5743582499
69.1303128973
67.333139575
65.4916086177
65.4264715619
65.7117909745
64.9604230983
63.5816674137
62.7677724809
62.5283494589
62.6836044427
63.6397100943
63.8303077742
64.7136573773
64.3556370509
64.2494026777
64.8700166125
65.2323485668
64.8220117217
64.1775347452
64.2217710728
65.4448112256
67.0879062181
66.8512161876
66.7487078914
68.7170195495
70.0750676013
71.2881544901
71.8386544314
69.6659571422
68.3830602695
66.1827685562
66.2273652925
66.2437759232
65.9835625331
63.9767671022
63.5241103264
63.5906593951
63.798223504
65.1584830492
65.2951486898
66.0213908376
66.3096440517
66.4486892116
66.8598757283
65.7276463995
64.9711637969
65.2534061735
65.5605593596
66.50146441
67.6802885888
67.3018949076
67.6398271834
70.0171849668
71.36673164
71.777882468
73.1780772887
70.8648946891
69.693943835
68.0289099091
66.6320558191
67.119873136
66.2472604836
64.8108145817
64.3053773205
64.2880343152
64.1337925819
65.250697445
66.2194839284
66.9534287006
67.1714651835
66.6870143525
66.3298571594
65.2526911583
65.2899432407
65.4850604093
65.3721257502
66.9615769845
67.3534347866
67.7266823021
69.3239523239
70.9643390485
72.3350481785
72.9942170928
74.4195087242
71.5345664648
70.8161697758
68.9924028934
67.738420268
67.5254112267
66.991055645
66.4867788287
65.9468970857
65.064125752
65.4267549591
65.9078542308
66.4493007542
66.8434973798
66.8689676517
65.9314145666
65.7521954842
65.8918391315
65.4857206667
66.4523545724
67.0123305546
67.7509640834
68.5868434372
68.6076925843
70.0501021315
71.6208614194
73.1247490572
74.6414772698
75.5298475647
72.0122338803
72.0510497114
70.0326575192
68.9206212344
68.3593880721
67.6645504584
67.868363475
67.2082968718
66.6276734539
67.276853887
67.7411237648
67.2891111681
67.4651960531
67.7216856833
67.2897961904
67.2908664859
67.1933185585
66.6794026735
67.9849412925
67.923061425
68.154822384
68.8485305625
69.9665561352
70.301122222
72.0735610265
73.1743468376
75.6116798868
77.3007684514
73.9661066101
72.1275186758
70.5261292099
69.4666353511
68.9207579008
68.3181258439
68.6020200364
68.2500896641
67.9453105357
67.1816345956
67.451107795
67.9035766848
68.4122599912
68.2464598365
67.7502327873
67.3765621863
67.3531311566
67.6759258679
67.9769262632
68.1600357906
68.0817325645
69.0691596968
70.4172147473
71.2963963266
73.0996427341
73.6557864867
76.1715383432
77.7001388154
75.9197427719
73.825983983
71.7848592906
70.5242582362
69.9226416217
68.4569673338
68.2900313755
67.9377061678
67.8640971703
68.2513865375
67.8396271909
67.9360578841
67.9820040358
67.7083327021
67.7203035457
68.1368660856
67.5262127341
67.8683241332
68.3764385503
68.8860703818
69.1756884571
69.9547016337
71.067534523
72.5016585996
74.3465101489
74.634968019
77.0918233987
78.4518675109
76.395317348
74.5262058266
72.5691314549
70.9185707156
70.3851171525
69.1916558953
68.5272719147
68.1483205125
68.1204199735
67.6636765778
67.3911540329
67.1940072818
67.1532635365
67.0685163627
67.3269848161
67.5369645192
67.626015045
68.1168902145
68.5351654439
68.7249287288
69.4980173365
70.9548187658
72.4832789494
73.6606773863
75.23974639
75.6811850228
78.1721719979
78.9158607325
76.7112366061
74.8438008578
73.5919604185
71.330277912
70.3485954073
69.5797815051
68.885214526
68.279842176
67.8367269375
66.6805897698
66.6773637529
66.74707833
66.6443254644
66.3354996589
66.4293416123
67.3669218572
67.7227752613
68.1611418335
68.5773827726
69.3109481354
70.2492117197
71.505125831
73.0029922102
74.5684630058
76.2410680842
76.9646094363
78.6899422458
79.0649926959
78.4188554811
76.753650363
74.8840196062
72.7034137881
70.6246304332
69.6679441473
68.7354593212
68.3526011225
67.4472230604
66.9048853932
66.1587296
66.3135967615
66.501691758
66.8220519007
66.8908451673
67.4693871954
67.9393399169
68.5974779492
69.4411034046
70.5848537063
71.2207370154
72.3911021816
74.1210606584
76.073758229
76.9864406909
77.3879877621
77.1777293916
78.6210500084
78.6841921629
77.4406040546
76.0201685152
74.92907632
73.4596220835
72.0267317028
70.9974017298
70.2740705757
69.0416993806
67.7606180811
67.4076892647
66.9721681959
67.6725506138
68.043021155
68.9500623464
69.5069698887
70.1031187237
71.0814303823
72.2538021508
72.4611423017
74.2273790174
75.6428130217
76.5516248764
77.4193997349
77.2376366672
76.6623196331
75.5830061896
76.8816299022
77.6192380067
77.4675403664
77.0298169353
77.0332465468
75.556167404
74.6555137146
72.829525232
71.4059804887
70.4702291522
70.2740850257
70.0367011446
69.7262009657
69.8343989683
69.7872190335
70.2281677838
71.0587897465
71.7706118272
71.9694522627
73.5103016928
74.7009132925
75.5734033322
75.8874904328
76.3661098767
76.6577622771
75.550077172
73.770658578
71.4022060648
